          *** DISTANCE MAP ***
***->   10|   9|   8|   8|   9|  10|  11|  12|  13|  14|  15|  16|  17|  18|  19|  20|  21|
***->    9|   8|   7|   7|   8|   9|  10|  11|  12|  13|  14|  15|  16|  17|  18|  19|  20|
***->    8|   7|   6|   6|   7|   8|   9|  10|  11|  12|  13|  14|  15|  16|  17|  18|  19|
***->    7|   6|   5|   5|   6|   7|   8|   9|  10|  11|  12|  13|  14|  15|  16|  17|  18|
***->    6|   5|   4|   4|   5|   6|   7|   8|   9|  10|  11|  12|  13|  14|  15|  16|  17|
***->    5|   4|   3|   3|   4|   5|   6|   7|   8|   9|  10|  11|  12|  13|  14|  15|  16|
***->    4|   3|   2|   2|   3|   4|   5|   6|   7|   8|   9|  10|  11|  12|  13|  14|  15|
***->    3|   2|   1|   1|   2|   3|   4|   5|   6|   7|   8|   9|  10|  11|  12|  13|  14|
***->    2|   1|  -1|  -1|   1|   2|   3|   4|   5|   6|   7|   8|   9|  10|  11|  12|  13|
***->    3|   2|   1|  -1|   1|   2|   3|   4|   5|   6|   7|   8|   9|  10|  11|  12|  13|
***->    4|   3|   2|   1|   2|   3|   4|   5|   6|   7|   8|   9|  10|  11|  12|  13|  14|
***->    5|   4|   3|   2|   3|   4|   5|   6|   7|   8|   9|  10|  11|  12|  13|  14|  15|
***->    6|   5|   4|   3|   4|   5|   6|   7|   8|   9|  10|  11|  12|  13|  -2|  15|  16|
***->    7|   6|   5|   4|   5|   6|   7|   8|   9|  10|  11|  12|  13|  14|  15|  16|  17|
***->    8|   7|   6|   5|   6|   7|   8|   9|  10|  11|  12|  13|  14|  15|  16|  17|  18|
*** token coords: 
p->x: 0, p->y: 0
p->x: 1, p->y: 0
          *** DISTANCE MAP ***
***->   10|   9|   8|   8|   9|  10|  11|  12|  13|  14|  15|  16|  17|  18|  19|  20|  21|
***->    9|   8|   7|   7|   8|   9|  10|  11|  12|  13|  14|  15|  16|  17|  18|  19|  20|
***->    8|   7|   6|   6|   7|   8|   9|  10|  11|  12|  13|  14|  15|  16|  17|  18|  19|
***->    7|   6|   5|   5|   6|   7|   8|   9|  10|  11|  12|  13|  14|  15|  16|  17|  18|
***->    6|   5|   4|   4|   5|   6|   7|   8|   9|  10|  11|  12|  13|  14|  15|  16|  17|
***->    5|   4|   3|   3|   4|   5|   6|   7|   8|   9|  10|  11|  12|  13|  14|  15|  16|
***->    4|   3|   2|   2|   3|   4|   5|   6|   7|   8|   9|  10|  11|  12|  13|  14|  15|
***->    3|   2|   1|   1|   2|   3|   4|   5|   6|   7|   8|   9|  10|  11|  12|  13|  14|
***->    2|   1|  -1|  -1|   1|   2|   3|   4|   5|   6|   7|   8|   9|  10|  11|  12|  13|
***->    3|   2|   1|  -1|   1|   2|   3|   4|   5|   6|   7|   8|   9|  10|  11|  12|  13|
***->    3|   2|   1|  -1|   1|   2|   3|   4|   5|   6|   7|   8|   9|  10|  11|  12|  13|
***->    4|   3|   2|   1|   2|   3|   4|   5|   6|   7|   8|   9|  10|  11|  12|  13|  14|
***->    5|   4|   3|   2|   3|   4|   5|   6|   7|   8|   9|  10|  11|  -2|  -2|  14|  15|
***->    6|   5|   4|   3|   4|   5|   6|   7|   8|   9|  10|  11|  12|  13|  14|  15|  16|
***->    7|   6|   5|   4|   5|   6|   7|   8|   9|  10|  11|  12|  13|  14|  15|  16|  17|
*** token coords: 
p->x: 0, p->y: 0
p->x: 0, p->y: 1
          *** DISTANCE MAP ***
***->   10|   9|   8|   7|   8|   9|  10|  11|  12|  13|  14|  15|  16|  17|  18|  19|  20|
***->    9|   8|   7|   6|   7|   8|   9|  10|  11|  12|  13|  14|  15|  16|  17|  18|  19|
***->    8|   7|   6|   5|   6|   7|   8|   9|  10|  11|  12|  13|  14|  15|  16|  17|  18|
***->    7|   6|   5|   4|   5|   6|   7|   8|   9|  10|  11|  12|  13|  14|  15|  16|  17|
***->    6|   5|   4|   3|   4|   5|   6|   7|   8|   9|  10|  11|  12|  13|  14|  15|  16|
***->    5|   4|   3|   2|   3|   4|   5|   6|   7|   8|   9|  10|  11|  12|  13|  14|  15|
***->    4|   3|   2|   1|   2|   3|   4|   5|   6|   7|   8|   9|  10|  11|  12|  13|  14|
***->    3|   2|   1|  -1|   1|   2|   3|   4|   5|   6|   7|   8|   9|  10|  11|  12|  13|
***->    2|   1|  -1|  -1|   1|   2|   3|   4|   5|   6|   7|   8|   9|  10|  11|  12|  13|
***->    3|   2|   1|  -1|   1|   2|   3|   4|   5|   6|   7|   8|   9|  10|  11|  12|  13|
***->    3|   2|   1|  -1|   1|   2|   3|   4|   5|   6|   7|   8|   9|  10|  11|  12|  13|
***->    4|   3|   2|   1|   2|   3|   4|   5|   6|   7|   8|   9|  10|  -2|  12|  13|  14|
***->    5|   4|   3|   2|   3|   4|   5|   6|   7|   8|   9|  10|  11|  -2|  -2|  14|  15|
***->    6|   5|   4|   3|   4|   5|   6|   7|   8|   9|  10|  11|  12|  13|  14|  15|  16|
***->    7|   6|   5|   4|   5|   6|   7|   8|   9|  10|  11|  12|  13|  14|  15|  16|  17|
*** token coords: 
p->x: 0, p->y: 0
p->x: 1, p->y: 0
          *** DISTANCE MAP ***
***->   10|   9|   8|   7|   8|   9|  10|  11|  12|  13|  14|  15|  16|  17|  18|  19|  20|
***->    9|   8|   7|   6|   7|   8|   9|  10|  11|  12|  13|  14|  15|  16|  17|  18|  19|
***->    8|   7|   6|   5|   6|   7|   8|   9|  10|  11|  12|  13|  14|  15|  16|  17|  18|
***->    7|   6|   5|   4|   5|   6|   7|   8|   9|  10|  11|  12|  13|  14|  15|  16|  17|
***->    6|   5|   4|   3|   4|   5|   6|   7|   8|   9|  10|  11|  12|  13|  14|  15|  16|
***->    5|   4|   3|   2|   3|   4|   5|   6|   7|   8|   9|  10|  11|  12|  13|  14|  15|
***->    4|   3|   2|   1|   2|   3|   4|   5|   6|   7|   8|   9|  10|  11|  12|  13|  14|
***->    3|   2|   1|  -1|   1|   2|   3|   4|   5|   6|   7|   8|   9|  10|  11|  12|  13|
***->    2|   1|  -1|  -1|   1|   2|   3|   4|   5|   6|   7|   8|   9|  10|  11|  12|  13|
***->    3|   2|   1|  -1|   1|   1|   2|   3|   4|   5|   6|   7|   8|   9|  10|  11|  12|
***->    3|   2|   1|  -1|   1|  -1|   1|   2|   3|   4|   5|   6|   7|   8|   9|  10|  11|
***->    3|   2|   1|  -1|  -1|  -1|   1|   2|   3|   4|   5|   6|  -2|  -2|   9|  10|  11|
***->    4|   3|   2|   1|   1|   1|   2|   3|   4|   5|   6|   7|   8|  -2|  -2|  11|  12|
***->    5|   4|   3|   2|   2|   2|   3|   4|   5|   6|   7|   8|   9|  10|  11|  12|  13|
***->    6|   5|   4|   3|   3|   3|   4|   5|   6|   7|   8|   9|  10|  11|  12|  13|  14|
*** token coords: 
p->x: 0, p->y: 0
p->x: 1, p->y: 0
p->x: 2, p->y: 0
          *** DISTANCE MAP ***
***->   10|   9|   8|   7|   8|   9|   9|   9|  10|  11|  12|  13|  14|  15|  16|  17|  18|
***->    9|   8|   7|   6|   7|   8|   8|   8|   9|  10|  11|  12|  13|  14|  15|  16|  17|
***->    8|   7|   6|   5|   6|   7|   7|   7|   8|   9|  10|  11|  12|  13|  14|  15|  16|
***->    7|   6|   5|   4|   5|   6|   6|   6|   7|   8|   9|  10|  11|  12|  13|  14|  15|
***->    6|   5|   4|   3|   4|   5|   5|   5|   6|   7|   8|   9|  10|  11|  12|  13|  14|
***->    5|   4|   3|   2|   3|   4|   4|   4|   5|   6|   7|   8|   9|  10|  11|  12|  13|
***->    4|   3|   2|   1|   2|   3|   3|   3|   4|   5|   6|   7|   8|   9|  10|  11|  12|
***->    3|   2|   1|  -1|   1|   2|   2|   2|   3|   4|   5|   6|   7|   8|   9|  10|  11|
***->    2|   1|  -1|  -1|   1|   2|   1|   1|   2|   3|   4|   5|   6|   7|   8|   9|  10|
***->    3|   2|   1|  -1|   1|   1|  -1|  -1|   1|   2|   3|   4|   5|   6|   7|   8|   9|
***->    3|   2|   1|  -1|   1|  -1|  -1|   1|   2|   3|   4|   5|   6|   7|   8|   9|  10|
***->    3|   2|   1|  -1|  -1|  -1|   1|   2|   3|   4|  -2|  -2|  -2|  -2|   9|  10|  11|
***->    4|   3|   2|   1|   1|   1|   2|   3|   4|   5|   6|   7|   8|  -2|  -2|  11|  12|
***->    5|   4|   3|   2|   2|   2|   3|   4|   5|   6|   7|   8|   9|  10|  11|  12|  13|
***->    6|   5|   4|   3|   3|   3|   4|   5|   6|   7|   8|   9|  10|  11|  12|  13|  14|
*** token coords: 
p->x: 0, p->y: 0
p->x: 1, p->y: 0
          *** DISTANCE MAP ***
***->   10|   9|   8|   7|   8|   9|   9|   9|  10|  11|  12|  13|  14|  15|  16|  17|  18|
***->    9|   8|   7|   6|   7|   8|   8|   8|   9|  10|  11|  12|  13|  14|  15|  16|  17|
***->    8|   7|   6|   5|   6|   7|   7|   7|   8|   9|  10|  11|  12|  13|  14|  15|  16|
***->    7|   6|   5|   4|   5|   6|   6|   6|   7|   8|   9|  10|  11|  12|  13|  14|  15|
***->    6|   5|   4|   3|   4|   5|   5|   5|   6|   7|   8|   9|  10|  11|  12|  13|  14|
***->    5|   4|   3|   2|   3|   4|   4|   4|   5|   6|   7|   8|   9|  10|  11|  12|  13|
***->    4|   3|   2|   1|   2|   3|   3|   3|   4|   5|   6|   7|   8|   9|  10|  11|  12|
***->    3|   2|   1|  -1|   1|   2|   2|   2|   3|   4|   5|   6|   7|   8|   9|  10|  11|
***->    2|   1|  -1|  -1|   1|   2|   1|   1|   2|   3|   4|   5|   6|   7|   8|   9|  10|
***->    3|   2|   1|  -1|   1|   1|  -1|  -1|   1|   2|   3|   4|   5|   6|   7|   8|   9|
***->    3|   2|   1|  -1|   1|  -1|  -1|   1|   2|   3|   4|   5|   6|   7|   8|   9|  10|
***->    3|   2|   1|  -1|  -1|  -1|  -1|   1|   2|  -2|  -2|  -2|  -2|  -2|   8|   9|  10|
***->    4|   3|   2|   1|   1|   1|   1|   2|   3|   4|   5|   6|   7|  -2|  -2|  10|  11|
***->    5|   4|   3|   2|   2|   2|   2|   3|   4|   5|   6|   7|   8|   9|  10|  11|  12|
***->    6|   5|   4|   3|   3|   3|   3|   4|   5|   6|   7|   8|   9|  10|  11|  12|  13|
*** token coords: 
p->x: 0, p->y: 0
p->x: 1, p->y: 0
p->x: 2, p->y: 0
          *** DISTANCE MAP ***
***->   10|   9|   8|   7|   8|   9|   9|   9|   9|   9|  10|  11|  12|  13|  14|  15|  16|
***->    9|   8|   7|   6|   7|   8|   8|   8|   8|   8|   9|  10|  11|  12|  13|  14|  15|
***->    8|   7|   6|   5|   6|   7|   7|   7|   7|   7|   8|   9|  10|  11|  12|  13|  14|
***->    7|   6|   5|   4|   5|   6|   6|   6|   6|   6|   7|   8|   9|  10|  11|  12|  13|
***->    6|   5|   4|   3|   4|   5|   5|   5|   5|   5|   6|   7|   8|   9|  10|  11|  12|
***->    5|   4|   3|   2|   3|   4|   4|   4|   4|   4|   5|   6|   7|   8|   9|  10|  11|
***->    4|   3|   2|   1|   2|   3|   3|   3|   3|   3|   4|   5|   6|   7|   8|   9|  10|
***->    3|   2|   1|  -1|   1|   2|   2|   2|   2|   2|   3|   4|   5|   6|   7|   8|   9|
***->    2|   1|  -1|  -1|   1|   2|   1|   1|   1|   1|   2|   3|   4|   5|   6|   7|   8|
***->    3|   2|   1|  -1|   1|   1|  -1|  -1|  -1|  -1|   1|   2|   3|   4|   5|   6|   7|
***->    3|   2|   1|  -1|   1|  -1|  -1|   1|   1|   1|   2|   3|   4|   5|   6|   7|   8|
***->    3|   2|   1|  -1|  -1|  -1|  -1|  -2|  -2|  -2|  -2|  -2|  -2|  -2|   7|   8|   9|
***->    4|   3|   2|   1|   1|   1|   1|   2|   3|   3|   4|   5|   6|  -2|  -2|   9|  10|
***->    5|   4|   3|   2|   2|   2|   2|   3|   4|   4|   5|   6|   7|   8|   9|  10|  11|
***->    6|   5|   4|   3|   3|   3|   3|   4|   5|   5|   6|   7|   8|   9|  10|  11|  12|
*** token coords: 
p->x: 0, p->y: 0
p->x: 1, p->y: 0
          *** DISTANCE MAP ***
***->   10|   9|   8|   7|   8|   9|   9|   9|   9|   9|  10|  11|  12|  13|  14|  15|  16|
***->    9|   8|   7|   6|   7|   8|   8|   8|   8|   8|   9|  10|  11|  12|  13|  14|  15|
***->    8|   7|   6|   5|   6|   7|   7|   7|   7|   7|   8|   9|  10|  11|  12|  13|  14|
***->    7|   6|   5|   4|   5|   6|   6|   6|   6|   6|   7|   8|   9|  10|  11|  12|  13|
***->    6|   5|   4|   3|   4|   5|   5|   5|   5|   5|   6|   7|   8|   9|  10|  11|  12|
***->    5|   4|   3|   2|   3|   4|   4|   4|   4|   4|   5|   6|   7|   8|   9|  10|  11|
***->    4|   3|   2|   1|   2|   3|   3|   3|   3|   3|   4|   5|   6|   7|   8|   9|  10|
***->    3|   2|   1|  -1|   1|   2|   2|   2|   2|   2|   3|   4|   5|   6|   7|   8|   9|
***->    2|   1|  -1|  -1|   1|   2|   1|   1|   1|   1|   2|   3|   4|   5|   6|   7|   8|
***->    3|   2|   1|  -1|   1|   1|  -1|  -1|  -1|  -1|   1|   2|   3|   4|   5|   6|   7|
***->    3|   2|   1|  -1|   1|  -1|  -1|   1|   1|   1|   2|   3|   4|   5|   6|   7|   8|
***->    3|   2|   1|  -1|  -1|  -1|  -1|  -2|  -2|  -2|  -2|  -2|  -2|  -2|   7|   8|   9|
***->    4|   3|   2|   1|   1|   1|  -1|  -1|   1|   2|   3|   4|  -2|  -2|  -2|   8|   9|
***->    5|   4|   3|   2|   2|   2|   1|   1|   2|   3|   4|   5|   6|   7|   8|   9|  10|
***->    6|   5|   4|   3|   3|   3|   2|   2|   3|   4|   5|   6|   7|   8|   9|  10|  11|
*** token coords: 
p->x: 0, p->y: 0
p->x: 1, p->y: 0
          *** DISTANCE MAP ***
***->   10|   9|   8|   7|   8|   9|   9|   9|   9|   8|   9|  10|  11|  12|  13|  14|  15|
***->    9|   8|   7|   6|   7|   8|   8|   8|   8|   7|   8|   9|  10|  11|  12|  13|  14|
***->    8|   7|   6|   5|   6|   7|   7|   7|   7|   6|   7|   8|   9|  10|  11|  12|  13|
***->    7|   6|   5|   4|   5|   6|   6|   6|   6|   5|   6|   7|   8|   9|  10|  11|  12|
***->    6|   5|   4|   3|   4|   5|   5|   5|   5|   4|   5|   6|   7|   8|   9|  10|  11|
***->    5|   4|   3|   2|   3|   4|   4|   4|   4|   3|   4|   5|   6|   7|   8|   9|  10|
***->    4|   3|   2|   1|   2|   3|   3|   3|   3|   2|   3|   4|   5|   6|   7|   8|   9|
***->    3|   2|   1|  -1|   1|   2|   2|   2|   2|   1|   2|   3|   4|   5|   6|   7|   8|
***->    2|   1|  -1|  -1|   1|   2|   1|   1|   1|  -1|   1|   2|   3|   4|   5|   6|   7|
***->    3|   2|   1|  -1|   1|   1|  -1|  -1|  -1|  -1|   1|   2|   3|   4|   5|   6|   7|
***->    3|   2|   1|  -1|   1|  -1|  -1|   1|   1|   1|   2|   3|   4|   5|   6|   7|   8|
***->    3|   2|   1|  -1|  -1|  -1|  -1|  -2|  -2|  -2|  -2|  -2|  -2|  -2|   7|   8|   9|
***->    4|   3|   2|   1|   1|   1|  -1|  -1|   1|   2|   3|  -2|  -2|  -2|  -2|   8|   9|
***->    5|   4|   3|   2|   2|   2|   1|   1|   2|   3|   4|   5|   6|   7|   8|   9|  10|
***->    6|   5|   4|   3|   3|   3|   2|   2|   3|   4|   5|   6|   7|   8|   9|  10|  11|
*** token coords: 
p->x: 0, p->y: 0
p->x: 1, p->y: 0
          *** DISTANCE MAP ***
***->   10|   9|   8|   7|   8|   9|   9|   9|   9|   8|   9|  10|  11|  12|  13|  14|  15|
***->    9|   8|   7|   6|   7|   8|   8|   8|   8|   7|   8|   9|  10|  11|  12|  13|  14|
***->    8|   7|   6|   5|   6|   7|   7|   7|   7|   6|   7|   8|   9|  10|  11|  12|  13|
***->    7|   6|   5|   4|   5|   6|   6|   6|   6|   5|   6|   7|   8|   9|  10|  11|  12|
***->    6|   5|   4|   3|   4|   5|   5|   5|   5|   4|   5|   6|   7|   8|   9|  10|  11|
***->    5|   4|   3|   2|   3|   4|   4|   4|   4|   3|   4|   5|   6|   7|   8|   9|  10|
***->    4|   3|   2|   1|   2|   3|   3|   3|   3|   2|   3|   4|   5|   6|   7|   8|   9|
***->    3|   2|   1|  -1|   1|   2|   2|   2|   2|   1|   2|   3|   4|   5|   6|   7|   8|
***->    2|   1|  -1|  -1|   1|   2|   1|   1|   1|  -1|   1|   2|   3|   4|   5|   6|   7|
***->    3|   2|   1|  -1|   1|   1|  -1|  -1|  -1|  -1|   1|   2|   3|   4|   5|   6|   7|
***->    3|   2|   1|  -1|   1|  -1|  -1|   1|   1|   1|   2|   3|   4|   5|   6|   7|   8|
***->    3|   2|   1|  -1|  -1|  -1|  -1|  -2|  -2|  -2|  -2|  -2|  -2|  -2|   7|   8|   9|
***->    4|   3|   2|   1|   1|   1|  -1|  -1|  -1|   1|  -2|  -2|  -2|  -2|  -2|   7|   8|
***->    5|   4|   3|   2|   2|   2|   1|   1|   1|   2|   3|   4|   5|   6|   7|   8|   9|
***->    6|   5|   4|   3|   3|   3|   2|   2|   2|   3|   4|   5|   6|   7|   8|   9|  10|
*** token coords: 
p->x: 0, p->y: 0
p->x: 1, p->y: 0
          *** DISTANCE MAP ***
***->   10|   9|   8|   7|   8|   9|   9|   9|   9|   8|   8|   9|  10|  11|  12|  13|  14|
***->    9|   8|   7|   6|   7|   8|   8|   8|   8|   7|   7|   8|   9|  10|  11|  12|  13|
***->    8|   7|   6|   5|   6|   7|   7|   7|   7|   6|   6|   7|   8|   9|  10|  11|  12|
***->    7|   6|   5|   4|   5|   6|   6|   6|   6|   5|   5|   6|   7|   8|   9|  10|  11|
***->    6|   5|   4|   3|   4|   5|   5|   5|   5|   4|   4|   5|   6|   7|   8|   9|  10|
***->    5|   4|   3|   2|   3|   4|   4|   4|   4|   3|   3|   4|   5|   6|   7|   8|   9|
***->    4|   3|   2|   1|   2|   3|   3|   3|   3|   2|   2|   3|   4|   5|   6|   7|   8|
***->    3|   2|   1|  -1|   1|   2|   2|   2|   2|   1|   1|   2|   3|   4|   5|   6|   7|
***->    2|   1|  -1|  -1|   1|   2|   1|   1|   1|  -1|  -1|   1|   2|   3|   4|   5|   6|
***->    3|   2|   1|  -1|   1|   1|  -1|  -1|  -1|  -1|   1|   2|   3|   4|   5|   6|   7|
***->    3|   2|   1|  -1|   1|  -1|  -1|   1|   1|   1|   2|   3|   4|   5|   6|   7|   8|
***->    3|   2|   1|  -1|  -1|  -1|  -1|  -2|  -2|  -2|  -2|  -2|  -2|  -2|   7|   8|   9|
***->    4|   3|   2|   1|   1|   1|  -1|  -1|  -1|  -2|  -2|  -2|  -2|  -2|  -2|   7|   8|
***->    5|   4|   3|   2|   2|   2|   1|   1|   1|   2|   3|   4|   5|   6|   7|   8|   9|
***->    6|   5|   4|   3|   3|   3|   2|   2|   2|   3|   4|   5|   6|   7|   8|   9|  10|
*** token coords: 
p->x: 0, p->y: 0
p->x: 0, p->y: 1
          *** DISTANCE MAP ***
***->   10|   9|   8|   7|   8|   9|   9|   9|   9|   8|   8|   9|  10|  11|  12|  13|  14|
***->    9|   8|   7|   6|   7|   8|   8|   8|   8|   7|   7|   8|   9|  10|  11|  12|  13|
***->    8|   7|   6|   5|   6|   7|   7|   7|   7|   6|   6|   7|   8|   9|  10|  11|  12|
***->    7|   6|   5|   4|   5|   6|   6|   6|   6|   5|   5|   6|   7|   8|   9|  10|  11|
***->    6|   5|   4|   3|   4|   5|   5|   5|   5|   4|   4|   5|   6|   7|   8|   9|  10|
***->    5|   4|   3|   2|   3|   4|   4|   4|   4|   3|   3|   4|   5|   6|   7|   8|   9|
***->    4|   3|   2|   1|   2|   3|   3|   3|   3|   2|   2|   3|   4|   5|   6|   7|   8|
***->    3|   2|   1|  -1|   1|   2|   2|   2|   2|   1|   1|   2|   3|   4|   5|   6|   7|
***->    2|   1|  -1|  -1|   1|   2|   1|   1|   1|  -1|  -1|   1|   2|   3|   4|   5|   6|
***->    3|   2|   1|  -1|   1|   1|  -1|  -1|  -1|  -1|   1|   2|   3|   4|   5|   6|   7|
***->    3|   2|   1|  -1|   1|  -1|  -1|  -2|   1|   1|   2|   3|   4|   5|   6|   7|   8|
***->    3|   2|   1|  -1|  -1|  -1|  -1|  -2|  -2|  -2|  -2|  -2|  -2|  -2|   7|   8|   9|
***->    4|   3|   2|   1|   1|   1|  -1|  -1|  -1|  -2|  -2|  -2|  -2|  -2|  -2|   7|   8|
***->    5|   4|   3|   2|   2|   2|   1|   1|  -1|   1|   2|   3|   4|   5|   6|   7|   8|
***->    6|   5|   4|   3|   3|   3|   2|   2|   1|   2|   3|   4|   5|   6|   7|   8|   9|
*** token coords: 
p->x: 0, p->y: 0
p->x: 1, p->y: 0
p->x: 2, p->y: 0
          *** DISTANCE MAP ***
***->   10|   9|   8|   7|   8|   9|   9|   9|   9|   8|   7|   8|   9|  10|  11|  12|  13|
***->    9|   8|   7|   6|   7|   8|   8|   8|   8|   7|   6|   7|   8|   9|  10|  11|  12|
***->    8|   7|   6|   5|   6|   7|   7|   7|   7|   6|   5|   6|   7|   8|   9|  10|  11|
***->    7|   6|   5|   4|   5|   6|   6|   6|   6|   5|   4|   5|   6|   7|   8|   9|  10|
***->    6|   5|   4|   3|   4|   5|   5|   5|   5|   4|   3|   4|   5|   6|   7|   8|   9|
***->    5|   4|   3|   2|   3|   4|   4|   4|   4|   3|   2|   3|   4|   5|   6|   7|   8|
***->    4|   3|   2|   1|   2|   3|   3|   3|   3|   2|   1|   2|   3|   4|   5|   6|   7|
***->    3|   2|   1|  -1|   1|   2|   2|   2|   2|   1|  -1|   1|   2|   3|   4|   5|   6|
***->    2|   1|  -1|  -1|   1|   2|   1|   1|   1|  -1|  -1|   1|   2|   3|   4|   5|   6|
***->    3|   2|   1|  -1|   1|   1|  -1|  -1|  -1|  -1|   1|   2|   3|   4|   5|   6|   7|
***->    3|   2|   1|  -1|   1|  -1|  -1|  -2|  -2|  -2|   2|   3|   4|   5|   6|   7|   8|
***->    3|   2|   1|  -1|  -1|  -1|  -1|  -2|  -2|  -2|  -2|  -2|  -2|  -2|   7|   8|   9|
***->    4|   3|   2|   1|   1|   1|  -1|  -1|  -1|  -2|  -2|  -2|  -2|  -2|  -2|   7|   8|
***->    5|   4|   3|   2|   2|   2|   1|   1|  -1|   1|   2|   3|   4|   5|   6|   7|   8|
***->    6|   5|   4|   3|   3|   3|   2|   2|   1|   2|   3|   4|   5|   6|   7|   8|   9|
*** token coords: 
p->x: 0, p->y: 0
p->x: 1, p->y: 0
p->x: 2, p->y: 1
          *** DISTANCE MAP ***
***->   10|   9|   8|   7|   8|   9|   9|   9|   9|   8|   7|   8|   9|  10|  11|  12|  13|
***->    9|   8|   7|   6|   7|   8|   8|   8|   8|   7|   6|   7|   8|   9|  10|  11|  12|
***->    8|   7|   6|   5|   6|   7|   7|   7|   7|   6|   5|   6|   7|   8|   9|  10|  11|
***->    7|   6|   5|   4|   5|   6|   6|   6|   6|   5|   4|   5|   6|   7|   8|   9|  10|
***->    6|   5|   4|   3|   4|   5|   5|   5|   5|   4|   3|   4|   5|   6|   7|   8|   9|
***->    5|   4|   3|   2|   3|   4|   4|   4|   4|   3|   2|   3|   4|   5|   6|   7|   8|
***->    4|   3|   2|   1|   2|   3|   3|   3|   3|   2|   1|   2|   3|   4|   5|   6|   7|
***->    3|   2|   1|  -1|   1|   2|   2|   2|   2|   1|  -1|   1|   2|   3|   4|   5|   6|
***->    2|   1|  -1|  -1|   1|   2|   1|   1|   1|  -1|  -1|   1|   2|   3|   4|   5|   6|
***->    3|   2|   1|  -1|   1|   1|  -1|  -1|  -1|  -1|   1|   2|   3|   4|   5|   6|   7|
***->    3|   2|   1|  -1|   1|  -1|  -1|  -2|  -2|  -2|  -2|  -2|   4|   5|   6|   7|   8|
***->    3|   2|   1|  -1|  -1|  -1|  -1|  -2|  -2|  -2|  -2|  -2|  -2|  -2|   7|   8|   9|
***->    4|   3|   2|   1|   1|   1|  -1|  -1|  -1|  -2|  -2|  -2|  -2|  -2|  -2|   7|   8|
***->    5|   4|   3|   2|   2|   2|   1|   1|  -1|  -1|   1|   2|   3|   4|   5|   6|   7|
***->    6|   5|   4|   3|   3|   3|   2|   2|   1|   1|   2|   3|   4|   5|   6|   7|   8|
*** token coords: 
p->x: 0, p->y: 0
p->x: 1, p->y: 0
          *** DISTANCE MAP ***
***->   10|   9|   8|   7|   8|   9|   9|   9|   8|   7|   6|   7|   8|   9|  10|  11|  12|
***->    9|   8|   7|   6|   7|   8|   8|   8|   7|   6|   5|   6|   7|   8|   9|  10|  11|
***->    8|   7|   6|   5|   6|   7|   7|   7|   6|   5|   4|   5|   6|   7|   8|   9|  10|
***->    7|   6|   5|   4|   5|   6|   6|   6|   5|   4|   3|   4|   5|   6|   7|   8|   9|
***->    6|   5|   4|   3|   4|   5|   5|   5|   4|   3|   2|   3|   4|   5|   6|   7|   8|
***->    5|   4|   3|   2|   3|   4|   4|   4|   3|   2|   1|   2|   3|   4|   5|   6|   7|
***->    4|   3|   2|   1|   2|   3|   3|   3|   2|   1|  -1|   1|   2|   3|   4|   5|   6|
***->    3|   2|   1|  -1|   1|   2|   2|   2|   2|   1|  -1|   1|   2|   3|   4|   5|   6|
***->    2|   1|  -1|  -1|   1|   2|   1|   1|   1|  -1|  -1|   1|   2|   3|   4|   5|   6|
***->    3|   2|   1|  -1|   1|   1|  -1|  -1|  -1|  -1|   1|   2|   3|   4|   5|   6|   7|
***->    3|   2|   1|  -1|   1|  -1|  -1|  -2|  -2|  -2|  -2|  -2|  -2|   5|   6|   7|   8|
***->    3|   2|   1|  -1|  -1|  -1|  -1|  -2|  -2|  -2|  -2|  -2|  -2|  -2|   7|   8|   9|
***->    4|   3|   2|   1|   1|   1|  -1|  -1|  -1|  -2|  -2|  -2|  -2|  -2|  -2|   7|   8|
***->    5|   4|   3|   2|   2|   2|   1|   1|  -1|  -1|   1|   2|   3|   4|   5|   6|   7|
***->    6|   5|   4|   3|   3|   3|   2|   2|   1|   1|   2|   3|   4|   5|   6|   7|   8|
*** token coords: 
p->x: 0, p->y: 0
p->x: 1, p->y: 0
          *** DISTANCE MAP ***
***->   10|   9|   8|   7|   8|   9|   9|   9|   8|   7|   6|   7|   8|   9|  10|  11|  12|
***->    9|   8|   7|   6|   7|   8|   8|   8|   7|   6|   5|   6|   7|   8|   9|  10|  11|
***->    8|   7|   6|   5|   6|   7|   7|   7|   6|   5|   4|   5|   6|   7|   8|   9|  10|
***->    7|   6|   5|   4|   5|   6|   6|   6|   5|   4|   3|   4|   5|   6|   7|   8|   9|
***->    6|   5|   4|   3|   4|   5|   5|   5|   4|   3|   2|   3|   4|   5|   6|   7|   8|
***->    5|   4|   3|   2|   3|   4|   4|   4|   3|   2|   1|   2|   3|   4|   5|   6|   7|
***->    4|   3|   2|   1|   2|   3|   3|   3|   2|   1|  -1|   1|   2|   3|   4|   5|   6|
***->    3|   2|   1|  -1|   1|   2|   2|   2|   2|   1|  -1|   1|   2|   3|   4|   5|   6|
***->    2|   1|  -1|  -1|   1|   2|   1|   1|   1|  -1|  -1|   1|   2|   3|   4|   5|   6|
***->    3|   2|   1|  -1|   1|   1|  -1|  -1|  -1|  -1|   1|   2|   3|   4|   5|   6|   7|
***->    3|   2|   1|  -1|   1|  -1|  -1|  -2|  -2|  -2|  -2|  -2|  -2|  -2|   6|   7|   8|
***->    3|   2|   1|  -1|  -1|  -1|  -1|  -2|  -2|  -2|  -2|  -2|  -2|  -2|   7|   8|   9|
***->    4|   3|   2|   1|   1|   1|  -1|  -1|  -1|  -2|  -2|  -2|  -2|  -2|  -2|   7|   8|
***->    5|   4|   3|   2|   2|   2|   1|   1|  -1|  -1|   1|   2|   3|   4|   5|   6|   7|
***->    6|   5|   4|   3|   3|   3|   2|   2|   1|  -1|   1|   2|   3|   4|   5|   6|   7|
*** token coords: 
p->x: 0, p->y: 0
p->x: 1, p->y: 0
          *** DISTANCE MAP ***
***->   10|   9|   8|   7|   8|   9|   9|   9|   8|   7|   6|   6|   7|   8|   9|  10|  11|
***->    9|   8|   7|   6|   7|   8|   8|   8|   7|   6|   5|   5|   6|   7|   8|   9|  10|
***->    8|   7|   6|   5|   6|   7|   7|   7|   6|   5|   4|   4|   5|   6|   7|   8|   9|
***->    7|   6|   5|   4|   5|   6|   6|   6|   5|   4|   3|   3|   4|   5|   6|   7|   8|
***->    6|   5|   4|   3|   4|   5|   5|   5|   4|   3|   2|   2|   3|   4|   5|   6|   7|
***->    5|   4|   3|   2|   3|   4|   4|   4|   3|   2|   1|   1|   2|   3|   4|   5|   6|
***->    4|   3|   2|   1|   2|   3|   3|   3|   2|   1|  -1|  -1|   1|   2|   3|   4|   5|
***->    3|   2|   1|  -1|   1|   2|   2|   2|   2|   1|  -1|   1|   2|   3|   4|   5|   6|
***->    2|   1|  -1|  -1|   1|   2|   1|   1|   1|  -1|  -1|   1|   2|   3|   4|   5|   6|
***->    3|   2|   1|  -1|   1|   1|  -1|  -1|  -1|  -1|   1|   2|   3|   4|   5|   6|   7|
***->    3|   2|   1|  -1|   1|  -1|  -1|  -2|  -2|  -2|  -2|  -2|  -2|  -2|  -2|   7|   8|
***->    3|   2|   1|  -1|  -1|  -1|  -1|  -2|  -2|  -2|  -2|  -2|  -2|  -2|   7|   8|   9|
***->    4|   3|   2|   1|   1|   1|  -1|  -1|  -1|  -2|  -2|  -2|  -2|  -2|  -2|   7|   8|
***->    5|   4|   3|   2|   2|   2|   1|   1|  -1|  -1|   1|   2|   3|   4|   5|   6|   7|
***->    6|   5|   4|   3|   3|   3|   2|   2|   1|  -1|   1|   2|   3|   4|   5|   6|   7|
*** token coords: 
p->x: 0, p->y: 0
p->x: 0, p->y: 1
          *** DISTANCE MAP ***
***->   10|   9|   8|   7|   8|   9|   9|   9|   8|   7|   6|   6|   7|   8|   9|  10|  11|
***->    9|   8|   7|   6|   7|   8|   8|   8|   7|   6|   5|   5|   6|   7|   8|   9|  10|
***->    8|   7|   6|   5|   6|   7|   7|   7|   6|   5|   4|   4|   5|   6|   7|   8|   9|
***->    7|   6|   5|   4|   5|   6|   6|   6|   5|   4|   3|   3|   4|   5|   6|   7|   8|
***->    6|   5|   4|   3|   4|   5|   5|   5|   4|   3|   2|   2|   3|   4|   5|   6|   7|
***->    5|   4|   3|   2|   3|   4|   4|   4|   3|   2|   1|   1|   2|   3|   4|   5|   6|
***->    4|   3|   2|   1|   2|   3|   3|   3|   2|   1|  -1|  -1|   1|   2|   3|   4|   5|
***->    3|   2|   1|  -1|   1|   2|   2|   2|   2|   1|  -1|   1|   2|   3|   4|   5|   6|
***->    2|   1|  -1|  -1|   1|   2|   1|   1|   1|  -1|  -1|   1|   2|   3|   4|   5|   6|
***->    3|   2|   1|  -1|   1|   1|  -1|  -1|  -1|  -1|  -2|   2|   3|   4|   5|   6|   7|
***->    3|   2|   1|  -1|   1|  -1|  -1|  -2|  -2|  -2|  -2|  -2|  -2|  -2|  -2|   7|   8|
***->    3|   2|   1|  -1|  -1|  -1|  -1|  -2|  -2|  -2|  -2|  -2|  -2|  -2|   7|   8|   9|
***->    4|   3|   2|   1|   1|   1|  -1|  -1|  -1|  -2|  -2|  -2|  -2|  -2|  -2|   7|   8|
***->    5|   4|   3|   2|   2|   2|   1|   1|  -1|  -1|   1|   2|   3|   4|   5|   6|   7|
***->    6|   5|   4|   3|   3|   3|   2|   1|  -1|  -1|   1|   2|   3|   4|   5|   6|   7|
*** token coords: 
p->x: 0, p->y: 0
p->x: 1, p->y: 0
          *** DISTANCE MAP ***
***->   10|   9|   8|   7|   8|   9|   9|   9|   8|   7|   6|   6|   6|   6|   7|   8|   9|
***->    9|   8|   7|   6|   7|   8|   8|   8|   7|   6|   5|   5|   5|   5|   6|   7|   8|
***->    8|   7|   6|   5|   6|   7|   7|   7|   6|   5|   4|   4|   4|   4|   5|   6|   7|
***->    7|   6|   5|   4|   5|   6|   6|   6|   5|   4|   3|   3|   3|   3|   4|   5|   6|
***->    6|   5|   4|   3|   4|   5|   5|   5|   4|   3|   2|   2|   2|   2|   3|   4|   5|
***->    5|   4|   3|   2|   3|   4|   4|   4|   3|   2|   1|   1|   1|   1|   2|   3|   4|
***->    4|   3|   2|   1|   2|   3|   3|   3|   2|   1|  -1|  -1|  -1|  -1|   1|   2|   3|
***->    3|   2|   1|  -1|   1|   2|   2|   2|   2|   1|  -1|   1|   1|   1|   2|   3|   4|
***->    2|   1|  -1|  -1|   1|   2|   1|   1|   1|  -1|  -1|   1|   2|   2|   3|   4|   5|
***->    3|   2|   1|  -1|   1|   1|  -1|  -1|  -1|  -1|  -2|  -2|   3|   3|   4|   5|   6|
***->    3|   2|   1|  -1|   1|  -1|  -1|  -2|  -2|  -2|  -2|  -2|  -2|  -2|  -2|   6|   7|
***->    3|   2|   1|  -1|  -1|  -1|  -1|  -2|  -2|  -2|  -2|  -2|  -2|  -2|   6|   7|   8|
***->    4|   3|   2|   1|   1|   1|  -1|  -1|  -1|  -2|  -2|  -2|  -2|  -2|  -2|   7|   8|
***->    5|   4|   3|   2|   2|   2|   1|   1|  -1|  -1|   1|   2|   3|   4|   5|   6|   7|
***->    6|   5|   4|   3|   3|   3|   2|   1|  -1|  -1|   1|   2|   3|   4|   5|   6|   7|
*** token coords: 
p->x: 1, p->y: 0
p->x: 2, p->y: 0
p->x: 0, p->y: 1
p->x: 1, p->y: 1
p->x: 2, p->y: 1
          *** DISTANCE MAP ***
***->   10|   9|   8|   7|   8|   9|   9|   9|   8|   7|   6|   6|   6|   6|   7|   8|   9|
***->    9|   8|   7|   6|   7|   8|   8|   8|   7|   6|   5|   5|   5|   5|   6|   7|   8|
***->    8|   7|   6|   5|   6|   7|   7|   7|   6|   5|   4|   4|   4|   4|   5|   6|   7|
***->    7|   6|   5|   4|   5|   6|   6|   6|   5|   4|   3|   3|   3|   3|   4|   5|   6|
***->    6|   5|   4|   3|   4|   5|   5|   5|   4|   3|   2|   2|   2|   2|   3|   4|   5|
***->    5|   4|   3|   2|   3|   4|   4|   4|   3|   2|   1|   1|   1|   1|   2|   3|   4|
***->    4|   3|   2|   1|   2|   3|   3|   3|   2|   1|  -1|  -1|  -1|  -1|   1|   2|   3|
***->    3|   2|   1|  -1|   1|   2|   2|   2|   2|   1|  -1|   1|   1|   1|   2|   3|   4|
***->    2|   1|  -1|  -1|   1|   2|   1|   1|   1|  -1|  -1|   1|  -2|  -2|   3|   4|   5|
***->    3|   2|   1|  -1|   1|   1|  -1|  -1|  -1|  -1|  -2|  -2|  -2|  -2|   4|   5|   6|
***->    3|   2|   1|  -1|   1|  -1|  -1|  -2|  -2|  -2|  -2|  -2|  -2|  -2|  -2|   6|   7|
***->    3|   2|   1|  -1|  -1|  -1|  -1|  -2|  -2|  -2|  -2|  -2|  -2|  -2|   6|   7|   8|
***->    4|   3|   2|   1|   1|   1|  -1|  -1|  -1|  -2|  -2|  -2|  -2|  -2|  -2|   6|   7|
***->    5|   4|   3|   2|   2|   2|   1|   1|  -1|  -1|  -1|   1|   2|   3|   4|   5|   6|
***->    6|   5|   4|   3|   3|   3|   2|   1|  -1|  -1|  -1|   1|   2|   3|   4|   5|   6|
*** token coords: 
p->x: 0, p->y: 0
p->x: 1, p->y: 0
          *** DISTANCE MAP ***
***->   10|   9|   8|   7|   8|   9|   9|   9|   8|   7|   6|   6|   6|   5|   6|   7|   8|
***->    9|   8|   7|   6|   7|   8|   8|   8|   7|   6|   5|   5|   5|   4|   5|   6|   7|
***->    8|   7|   6|   5|   6|   7|   7|   7|   6|   5|   4|   4|   4|   3|   4|   5|   6|
***->    7|   6|   5|   4|   5|   6|   6|   6|   5|   4|   3|   3|   3|   2|   3|   4|   5|
***->    6|   5|   4|   3|   4|   5|   5|   5|   4|   3|   2|   2|   2|   1|   2|   3|   4|
***->    5|   4|   3|   2|   3|   4|   4|   4|   3|   2|   1|   1|   1|  -1|   1|   2|   3|
***->    4|   3|   2|   1|   2|   3|   3|   3|   2|   1|  -1|  -1|  -1|  -1|   1|   2|   3|
***->    3|   2|   1|  -1|   1|   2|   2|   2|   2|   1|  -1|   1|   1|   1|   2|   3|   4|
***->    2|   1|  -1|  -1|   1|   2|   1|   1|   1|  -1|  -1|  -2|  -2|  -2|   3|   4|   5|
***->    3|   2|   1|  -1|   1|   1|  -1|  -1|  -1|  -1|  -2|  -2|  -2|  -2|   4|   5|   6|
***->    3|   2|   1|  -1|   1|  -1|  -1|  -2|  -2|  -2|  -2|  -2|  -2|  -2|  -2|   6|   7|
***->    3|   2|   1|  -1|  -1|  -1|  -1|  -2|  -2|  -2|  -2|  -2|  -2|  -2|   6|   7|   8|
***->    4|   3|   2|   1|   1|   1|  -1|  -1|  -1|  -2|  -2|  -2|  -2|  -2|  -2|   6|   7|
***->    5|   4|   3|   2|   2|   2|   1|   1|  -1|  -1|  -1|   1|   2|   3|   4|   5|   6|
***->    6|   5|   4|   3|   3|   3|   2|   1|  -1|  -1|  -1|   1|   2|   3|   4|   5|   6|
*** token coords: 
p->x: 1, p->y: 0
p->x: 0, p->y: 1
p->x: 1, p->y: 1
          *** DISTANCE MAP ***
***->   10|   9|   8|   7|   8|   9|   9|   9|   8|   7|   6|   6|   6|   5|   6|   7|   8|
***->    9|   8|   7|   6|   7|   8|   8|   8|   7|   6|   5|   5|   5|   4|   5|   6|   7|
***->    8|   7|   6|   5|   6|   7|   7|   7|   6|   5|   4|   4|   4|   3|   4|   5|   6|
***->    7|   6|   5|   4|   5|   6|   6|   6|   5|   4|   3|   3|   3|   2|   3|   4|   5|
***->    6|   5|   4|   3|   4|   5|   5|   5|   4|   3|   2|   2|   2|   1|   2|   3|   4|
***->    5|   4|   3|   2|   3|   4|   4|   4|   3|   2|   1|   1|   1|  -1|   1|   2|   3|
***->    4|   3|   2|   1|   2|   3|   3|   3|   2|   1|  -1|  -1|  -1|  -1|   1|   2|   3|
***->    3|   2|   1|  -1|   1|   2|   2|   2|   2|   1|  -1|   1|   1|   1|   2|   3|   4|
***->    2|   1|  -1|  -1|   1|   2|   1|   1|   1|  -1|  -1|  -2|  -2|  -2|   3|   4|   5|
***->    3|   2|   1|  -1|   1|   1|  -1|  -1|  -1|  -1|  -2|  -2|  -2|  -2|   4|   5|   6|
***->    3|   2|   1|  -1|   1|  -1|  -1|  -2|  -2|  -2|  -2|  -2|  -2|  -2|  -2|   6|   7|
***->    3|   2|   1|  -1|  -1|  -1|  -1|  -2|  -2|  -2|  -2|  -2|  -2|  -2|   6|   7|   8|
***->    4|   3|   2|   1|   1|  -1|  -1|  -1|  -1|  -2|  -2|  -2|  -2|  -2|  -2|   6|   7|
***->    5|   4|   3|   2|   2|   1|  -1|   1|  -1|  -1|  -1|  -2|  -2|   3|   4|   5|   6|
***->    6|   5|   4|   3|   3|   2|   1|   1|  -1|  -1|  -1|   1|   2|   3|   4|   5|   6|
*** token coords: 
p->x: 0, p->y: 0
p->x: 1, p->y: 0
          *** DISTANCE MAP ***
***->   10|   9|   8|   7|   8|   9|   9|   9|   8|   7|   6|   6|   6|   5|   5|   6|   7|
***->    9|   8|   7|   6|   7|   8|   8|   8|   7|   6|   5|   5|   5|   4|   4|   5|   6|
***->    8|   7|   6|   5|   6|   7|   7|   7|   6|   5|   4|   4|   4|   3|   3|   4|   5|
***->    7|   6|   5|   4|   5|   6|   6|   6|   5|   4|   3|   3|   3|   2|   2|   3|   4|
***->    6|   5|   4|   3|   4|   5|   5|   5|   4|   3|   2|   2|   2|   1|   1|   2|   3|
***->    5|   4|   3|   2|   3|   4|   4|   4|   3|   2|   1|   1|   1|  -1|  -1|   1|   2|
***->    4|   3|   2|   1|   2|   3|   3|   3|   2|   1|  -1|  -1|  -1|  -1|  -1|   1|   2|
***->    3|   2|   1|  -1|   1|   2|   2|   2|   2|   1|  -1|   1|   1|   1|   1|   2|   3|
***->    2|   1|  -1|  -1|   1|   2|   1|   1|   1|  -1|  -1|  -2|  -2|  -2|  -2|   3|   4|
***->    3|   2|   1|  -1|   1|   1|  -1|  -1|  -1|  -1|  -2|  -2|  -2|  -2|   3|   4|   5|
***->    3|   2|   1|  -1|   1|  -1|  -1|  -2|  -2|  -2|  -2|  -2|  -2|  -2|  -2|   5|   6|
***->    3|   2|   1|  -1|  -1|  -1|  -1|  -2|  -2|  -2|  -2|  -2|  -2|  -2|   5|   6|   7|
***->    4|   3|   2|   1|   1|  -1|  -1|  -1|  -1|  -2|  -2|  -2|  -2|  -2|  -2|   6|   7|
***->    5|   4|   3|   2|   2|   1|  -1|   1|  -1|  -1|  -1|  -2|  -2|   3|   4|   5|   6|
***->    6|   5|   4|   3|   3|   2|   1|   1|  -1|  -1|  -1|   1|   2|   3|   4|   5|   6|
*** token coords: 
p->x: 0, p->y: 0
p->x: 1, p->y: 0
p->x: 1, p->y: 1
          *** DISTANCE MAP ***
***->   10|   9|   8|   7|   8|   9|   9|   9|   8|   7|   6|   6|   6|   5|   5|   6|   7|
***->    9|   8|   7|   6|   7|   8|   8|   8|   7|   6|   5|   5|   5|   4|   4|   5|   6|
***->    8|   7|   6|   5|   6|   7|   7|   7|   6|   5|   4|   4|   4|   3|   3|   4|   5|
***->    7|   6|   5|   4|   5|   6|   6|   6|   5|   4|   3|   3|   3|   2|   2|   3|   4|
***->    6|   5|   4|   3|   4|   5|   5|   5|   4|   3|   2|   2|   2|   1|   1|   2|   3|
***->    5|   4|   3|   2|   3|   4|   4|   4|   3|   2|   1|   1|   1|  -1|  -1|   1|   2|
***->    4|   3|   2|   1|   2|   3|   3|   3|   2|   1|  -1|  -1|  -1|  -1|  -1|   1|   2|
***->    3|   2|   1|  -1|   1|   2|   2|   2|   2|   1|  -1|  -2|  -2|   1|   1|   2|   3|
***->    2|   1|  -1|  -1|   1|   2|   1|   1|   1|  -1|  -1|  -2|  -2|  -2|  -2|   3|   4|
***->    3|   2|   1|  -1|   1|   1|  -1|  -1|  -1|  -1|  -2|  -2|  -2|  -2|   3|   4|   5|
***->    3|   2|   1|  -1|   1|  -1|  -1|  -2|  -2|  -2|  -2|  -2|  -2|  -2|  -2|   5|   6|
***->    3|   2|   1|  -1|  -1|  -1|  -1|  -2|  -2|  -2|  -2|  -2|  -2|  -2|   5|   6|   7|
***->    4|   3|   2|   1|   1|  -1|  -1|  -1|  -1|  -2|  -2|  -2|  -2|  -2|  -2|   6|   7|
***->    5|   4|   3|   2|   2|   1|  -1|  -1|  -1|  -1|  -1|  -2|  -2|   3|   4|   5|   6|
***->    6|   5|   4|   3|   2|   1|  -1|  -1|  -1|  -1|  -1|   1|   2|   3|   4|   5|   6|
*** token coords: 
p->x: 1, p->y: 0
p->x: 0, p->y: 1
p->x: 1, p->y: 1
          *** DISTANCE MAP ***
***->   10|   9|   8|   7|   8|   9|   9|   9|   8|   7|   6|   6|   6|   5|   5|   5|   6|
***->    9|   8|   7|   6|   7|   8|   8|   8|   7|   6|   5|   5|   5|   4|   4|   4|   5|
***->    8|   7|   6|   5|   6|   7|   7|   7|   6|   5|   4|   4|   4|   3|   3|   3|   4|
***->    7|   6|   5|   4|   5|   6|   6|   6|   5|   4|   3|   3|   3|   2|   2|   2|   3|
***->    6|   5|   4|   3|   4|   5|   5|   5|   4|   3|   2|   2|   2|   1|   1|   1|   2|
***->    5|   4|   3|   2|   3|   4|   4|   4|   3|   2|   1|   1|   1|  -1|  -1|  -1|   1|
***->    4|   3|   2|   1|   2|   3|   3|   3|   2|   1|  -1|  -1|  -1|  -1|  -1|   1|   2|
***->    3|   2|   1|  -1|   1|   2|   2|   2|   2|   1|  -1|  -2|  -2|   1|   1|   2|   3|
***->    2|   1|  -1|  -1|   1|   2|   1|   1|   1|  -1|  -1|  -2|  -2|  -2|  -2|   3|   4|
***->    3|   2|   1|  -1|   1|   1|  -1|  -1|  -1|  -1|  -2|  -2|  -2|  -2|   3|   4|   5|
***->    3|   2|   1|  -1|   1|  -1|  -1|  -2|  -2|  -2|  -2|  -2|  -2|  -2|  -2|   5|   6|
***->    3|   2|   1|  -1|  -1|  -1|  -1|  -2|  -2|  -2|  -2|  -2|  -2|  -2|   5|   6|   7|
***->    4|   3|   2|   1|   1|  -1|  -1|  -1|  -1|  -2|  -2|  -2|  -2|  -2|  -2|   6|   7|
***->    5|   4|   3|   2|   2|   1|  -1|  -1|  -1|  -1|  -1|  -2|  -2|   3|   4|   5|   6|
***->    6|   5|   4|   3|   2|   1|  -1|  -1|  -1|  -1|  -1|  -2|  -2|   3|   4|   5|   6|
*** token coords: 
p->x: 0, p->y: 0
p->x: 0, p->y: 1
          *** DISTANCE MAP ***
***->   10|   9|   8|   7|   8|   9|   9|   9|   8|   7|   6|   6|   6|   5|   5|   5|   6|
***->    9|   8|   7|   6|   7|   8|   8|   8|   7|   6|   5|   5|   5|   4|   4|   4|   5|
***->    8|   7|   6|   5|   6|   7|   7|   7|   6|   5|   4|   4|   4|   3|   3|   3|   4|
***->    7|   6|   5|   4|   5|   6|   6|   6|   5|   4|   3|   3|   3|   2|   2|   2|   3|
***->    6|   5|   4|   3|   4|   5|   5|   5|   4|   3|   2|   2|   2|   1|   1|   1|   2|
***->    5|   4|   3|   2|   3|   4|   4|   4|   3|   2|   1|   1|   1|  -1|  -1|  -1|   1|
***->    4|   3|   2|   1|   2|   3|   3|   3|   2|   1|  -1|  -1|  -1|  -1|  -1|   1|   2|
***->    3|   2|   1|  -1|   1|   2|   2|   2|   2|   1|  -1|  -2|  -2|  -2|   1|   2|   3|
***->    2|   1|  -1|  -1|   1|   2|   1|   1|   1|  -1|  -1|  -2|  -2|  -2|  -2|   3|   4|
***->    3|   2|   1|  -1|   1|   1|  -1|  -1|  -1|  -1|  -2|  -2|  -2|  -2|   3|   4|   5|
***->    3|   2|   1|  -1|   1|  -1|  -1|  -2|  -2|  -2|  -2|  -2|  -2|  -2|  -2|   5|   6|
***->    3|   2|   1|  -1|  -1|  -1|  -1|  -2|  -2|  -2|  -2|  -2|  -2|  -2|   5|   6|   7|
***->    4|   3|   2|   1|   1|  -1|  -1|  -1|  -1|  -2|  -2|  -2|  -2|  -2|  -2|   6|   7|
***->    5|   4|   3|   2|   2|   1|  -1|  -1|  -1|  -1|  -1|  -2|  -2|   3|   4|   5|   6|
***->    5|   4|   3|   2|   1|  -1|  -1|  -1|  -1|  -1|  -1|  -2|  -2|   3|   4|   5|   6|
*** token coords: 
p->x: 0, p->y: 0
p->x: 1, p->y: 0
p->x: 0, p->y: 1
p->x: 1, p->y: 1
          *** DISTANCE MAP ***
***->   10|   9|   8|   7|   8|   9|   9|   9|   8|   7|   6|   6|   6|   5|   5|   4|   5|
***->    9|   8|   7|   6|   7|   8|   8|   8|   7|   6|   5|   5|   5|   4|   4|   3|   4|
***->    8|   7|   6|   5|   6|   7|   7|   7|   6|   5|   4|   4|   4|   3|   3|   2|   3|
***->    7|   6|   5|   4|   5|   6|   6|   6|   5|   4|   3|   3|   3|   2|   2|   1|   2|
***->    6|   5|   4|   3|   4|   5|   5|   5|   4|   3|   2|   2|   2|   1|   1|  -1|   1|
***->    5|   4|   3|   2|   3|   4|   4|   4|   3|   2|   1|   1|   1|  -1|  -1|  -1|  -1|
***->    4|   3|   2|   1|   2|   3|   3|   3|   2|   1|  -1|  -1|  -1|  -1|  -1|   1|   1|
***->    3|   2|   1|  -1|   1|   2|   2|   2|   2|   1|  -1|  -2|  -2|  -2|  -2|  -2|   2|
***->    2|   1|  -1|  -1|   1|   2|   1|   1|   1|  -1|  -1|  -2|  -2|  -2|  -2|  -2|   3|
***->    3|   2|   1|  -1|   1|   1|  -1|  -1|  -1|  -1|  -2|  -2|  -2|  -2|   3|   4|   4|
***->    3|   2|   1|  -1|   1|  -1|  -1|  -2|  -2|  -2|  -2|  -2|  -2|  -2|  -2|   5|   5|
***->    3|   2|   1|  -1|  -1|  -1|  -1|  -2|  -2|  -2|  -2|  -2|  -2|  -2|   5|   6|   6|
***->    4|   3|   2|   1|   1|  -1|  -1|  -1|  -1|  -2|  -2|  -2|  -2|  -2|  -2|   6|   7|
***->    5|   4|   3|   2|   2|   1|  -1|  -1|  -1|  -1|  -1|  -2|  -2|   3|   4|   5|   6|
***->    5|   4|   3|   2|   1|  -1|  -1|  -1|  -1|  -1|  -1|  -2|  -2|   3|   4|   5|   6|
*** token coords: 
p->x: 0, p->y: 0
p->x: 1, p->y: 0
          *** DISTANCE MAP ***
***->   10|   9|   8|   7|   8|   9|   9|   9|   8|   7|   6|   6|   6|   5|   5|   4|   5|
***->    9|   8|   7|   6|   7|   8|   8|   8|   7|   6|   5|   5|   5|   4|   4|   3|   4|
***->    8|   7|   6|   5|   6|   7|   7|   7|   6|   5|   4|   4|   4|   3|   3|   2|   3|
***->    7|   6|   5|   4|   5|   6|   6|   6|   5|   4|   3|   3|   3|   2|   2|   1|   2|
***->    6|   5|   4|   3|   4|   5|   5|   5|   4|   3|   2|   2|   2|   1|   1|  -1|   1|
***->    5|   4|   3|   2|   3|   4|   4|   4|   3|   2|   1|   1|   1|  -1|  -1|  -1|  -1|
***->    4|   3|   2|   1|   2|   3|   3|   3|   2|   1|  -1|  -1|  -1|  -1|  -1|   1|   1|
***->    3|   2|   1|  -1|   1|   2|   2|   2|   2|   1|  -1|  -2|  -2|  -2|  -2|  -2|  -2|
***->    2|   1|  -1|  -1|   1|   2|   1|   1|   1|  -1|  -1|  -2|  -2|  -2|  -2|  -2|   3|
***->    3|   2|   1|  -1|   1|   1|  -1|  -1|  -1|  -1|  -2|  -2|  -2|  -2|   3|   4|   4|
***->    3|   2|   1|  -1|   1|  -1|  -1|  -2|  -2|  -2|  -2|  -2|  -2|  -2|  -2|   5|   5|
***->    3|   2|   1|  -1|  -1|  -1|  -1|  -2|  -2|  -2|  -2|  -2|  -2|  -2|   5|   6|   6|
***->    4|   3|   2|   1|   1|  -1|  -1|  -1|  -1|  -2|  -2|  -2|  -2|  -2|  -2|   6|   7|
***->    4|   3|   2|   1|  -1|  -1|  -1|  -1|  -1|  -1|  -1|  -2|  -2|   3|   4|   5|   6|
***->    4|   3|   2|   1|  -1|  -1|  -1|  -1|  -1|  -1|  -1|  -2|  -2|   3|   4|   5|   6|
*** token coords: 
p->x: 0, p->y: 0
p->x: 1, p->y: 0
          *** DISTANCE MAP ***
***->   10|   9|   8|   7|   8|   9|   9|   9|   8|   7|   6|   6|   6|   5|   5|   4|   4|
***->    9|   8|   7|   6|   7|   8|   8|   8|   7|   6|   5|   5|   5|   4|   4|   3|   3|
***->    8|   7|   6|   5|   6|   7|   7|   7|   6|   5|   4|   4|   4|   3|   3|   2|   2|
***->    7|   6|   5|   4|   5|   6|   6|   6|   5|   4|   3|   3|   3|   2|   2|   1|   1|
***->    6|   5|   4|   3|   4|   5|   5|   5|   4|   3|   2|   2|   2|   1|   1|  -1|  -1|
***->    5|   4|   3|   2|   3|   4|   4|   4|   3|   2|   1|   1|   1|  -1|  -1|  -1|  -1|
***->    4|   3|   2|   1|   2|   3|   3|   3|   2|   1|  -1|  -1|  -1|  -1|  -1|   1|   1|
***->    3|   2|   1|  -1|   1|   2|   2|   2|   2|   1|  -1|  -2|  -2|  -2|  -2|  -2|  -2|
***->    2|   1|  -1|  -1|   1|   2|   1|   1|   1|  -1|  -1|  -2|  -2|  -2|  -2|  -2|  -2|
***->    3|   2|   1|  -1|   1|   1|  -1|  -1|  -1|  -1|  -2|  -2|  -2|  -2|   3|   4|   4|
***->    3|   2|   1|  -1|   1|  -1|  -1|  -2|  -2|  -2|  -2|  -2|  -2|  -2|  -2|   5|   5|
***->    3|   2|   1|  -1|  -1|  -1|  -1|  -2|  -2|  -2|  -2|  -2|  -2|  -2|   5|   6|   6|
***->    4|   3|   2|   1|   1|  -1|  -1|  -1|  -1|  -2|  -2|  -2|  -2|  -2|  -2|   6|   7|
***->    4|   3|   2|   1|  -1|  -1|  -1|  -1|  -1|  -1|  -1|  -2|  -2|   3|   4|   5|   6|
***->    4|   3|   2|   1|  -1|  -1|  -1|  -1|  -1|  -1|  -1|  -2|  -2|   3|   4|   5|   6|
*** token coords: 
p->x: 0, p->y: 0
p->x: 1, p->y: 0
p->x: 0, p->y: 1
p->x: 1, p->y: 1
p->x: 2, p->y: 1
p->x: 3, p->y: 1
